### Individual Score

| Midterm | Final | Average |
| ------- | ----- | ----- |
| 123 | 94 | 95.760 |
| 112 | 92 | 91.040 |
| 97 | 98 | 89.840 |
| 87 | 90 | 81.840 |
| 89 | 87 | 80.680 |
| 86 | 83 | 77.320 |
| 93 | 82 | 78.960 |
| 87 | 81 | 76.440 |
| 116 | 65 | 76.120 |
| 104 | 77 | 79.480 |
| 84 | 87 | 79.080 |
| 95 | 71 | 73.000 |
| 94 | 83 | 79.880 |
| 94 | 77 | 76.280 |
| 74 | 82 | 72.880 |
| 110 | 77 | 81.400 |
| 74 | 78 | 70.480 |
| 86 | 69 | 68.920 |
| 79 | 76 | 70.880 |
| 82 | 75 | 71.240 |
| 90 | 67 | 69.000 |
| 91 | 63 | 66.920 |
| 53 | 89 | 70.360 |
| 61 | 79 | 66.920 |
| 67 | 72 | 64.640 |
| 69 | 69 | 63.480 |
| 84 | 65 | 65.880 |
| 69 | 71 | 64.680 |
| 81 | 62 | 63.120 |
| 62 | 77 | 66.040 |
| 65 | 69 | 62.200 |
| 77 | 60 | 60.640 |
| 69 | 65 | 61.080 |
| 87 | 52 | 59.040 |
| 105 | 64 | 72.000 |
| 61 | 28 | 36.320 |
| 45 | 73 | 58.200 |
| 56 | 32 | 37.120 |
| 56 | 13 | 25.720 |
| 58 | 20 | 30.560 |
| 49 | 15 | 24.680 |
| 41 | 22 | 26.320 |
| 20 | 28 | 23.200 |
| 75 | 0 | 24.000 |
| 46 | 14 | 23.120 |
| 26 | 0 | 8.320 |
| 22 | 9 | 12.440 |
| 23 | 0 | 7.360 |
| 10 | 9 | 8.600 |
| 0 | 0 | 0.000 |
| 0 | 0 | 0.000 |



### Examination Analysis
* Midterm
  * Mean: **70.275**
  * Variance: 844.042
  * Median: **75.000**
  * Min/Max: (0.000, 123.000)
* Final
  * Mean: **57.078**
  * Variance: 933.719
  * Median: **69.000**
  * Min/Max: (0.000, 98.000)
* Average
  * Mean: **56.735**
  * Variance: 685.352
  * Median: **66.040**
  * Min/Max: (0.000, 95.760)
